{
  "version": "2.0",
  "analysis_type": "GTMØ",
  "timestamp": "2025-11-13T09:49:06.656407",
  "content": {
    "text": "Art. 2. 1. Gmina wykonuje zadania publiczne w imieniu własnym i na własną\nodpowiedzialność.\n2. Gmina posiada osobowość prawną.\n3. Samodzielność gminy podlega ochronie sądowej.",
    "length": 175,
    "word_count": 25
  },
  "coordinates": {
    "determination": 0.785511,
    "stability": 0.39526,
    "entropy": 0.475615
  },
  "analysis_metadata": {
    "analyzed_at": "2025-11-13T09:49:06.656407",
    "sequence_number": 0,
    "daily_date": "13112025",
    "article_number": 2,
    "saved_at": "2025-11-13T09:49:06.658524",
    "unit_type": "legal_article"
  },
  "additional_metrics": {
    "total_analyses": 66,
    "cases": {
      "nom": 13,
      "gen": 4,
      "acc": 9,
      "loc": 8,
      "dat": 7
    },
    "pos": {
      "subst": 25,
      "interp": 8,
      "adj": 14,
      "prep": 4,
      "part": 1,
      "conj": 1
    },
    "ambiguity": 2.64,
    "debug_tags": [
      "artykuł:brev:pun",
      "Art:Sf:subst:sg.pl:nom.gen.dat.acc.inst.loc.voc:f",
      "Art:Sm1:subst:sg:nom:m1",
      ".:interp",
      ".:interp",
      ".:interp",
      ".:interp",
      ".:interp",
      ".:interp",
      ".:interp"
    ],
    "coords_count": 36
  },
  "interpretation": {
    "determination": "high",
    "stability": "low",
    "entropy": "mixed",
    "overall": "mixed_quality",
    "overall_score": 0.5901
  },
  "phi9": [
    0.7855108889228197,
    0.3952601147938306,
    0.47561478060495843,
    1.6530964193605566,
    0.08230009256565952,
    0.40910033509698823,
    3.856766240843682,
    2.2859699140487852,
    0.3899460156130169
  ],
  "depth": 4,
  "ambiguity": 2.64,
  "source_file": "Dz. U. 1990 Nr 16 poz. 95 v22.md",
  "quantum_metrics": {
    "total_coherence": 1.3122,
    "quantum_words": 16,
    "entanglements": 6,
    "superposition_type": "COHERENT_SUPERPOSITION"
  },
  "axiom_protection": {
    "axioms_activated": 0,
    "violations_prevented": 0,
    "meta_reflections": 0
  },
  "temporal_analysis": {
    "coordinates": {
      "determination": 0.7,
      "stability": 0.6,
      "entropy": 0.4
    },
    "tenses": {
      "Pres": 3
    },
    "aspects": {
      "Imp": 3
    },
    "dominant_time": "Pres"
  },
  "extended_rhetorical_analysis": {
    "mode": "literal",
    "irony_score": 0,
    "paradox_score": 0,
    "sarcasm_score": 0,
    "context_score": 0,
    "detected_markers": []
  },
  "quantum_ambiguity": {
    "needs_superposition": false,
    "ambiguity_score": 1.0,
    "ambiguity_markers": [
      "ani"
    ],
    "marker_count": 1
  },
  "depth_metrics": {
    "max_depth": 4,
    "avg_depth": 1.4167,
    "depth_variance": 0.9097
  },
  "rhetorical_analysis": {
    "mode": "literal",
    "irony_score": 0.7,
    "paradox_score": 0.0,
    "structural_divergence": 0.0722,
    "pos_anomalies": {
      "adj_ratio": 0.2642,
      "verb_ratio": 0.0,
      "anomaly_score": 0.7443
    }
  },
  "quantum_tensor": {
    "value": 0.171746,
    "formula": "0.796 × 0.400 × 0.539 = 0.172"
  },
  "constitutional_metrics": {
    "definiteness": {
      "value": 1.2597,
      "formula": "(1/2.64) × 4 × √(0.796×0.400/0.461) = 1.26",
      "interpretation": "Wysoka CD = tekst uporządkowany, jednoznaczny, strukturalny",
      "components": {
        "inverse_ambiguity": 0.3788,
        "depth": 4,
        "geometric_balance": 0.8314
      }
    },
    "indefiniteness": {
      "value": 12.701,
      "formula": "2.64 × 4 × √(0.461/(0.796×0.400)) = 12.70",
      "interpretation": "Wysoka CI = tekst chaotyczny, wieloznaczny, nieprzewidywalny",
      "components": {
        "ambiguity": 2.64,
        "depth": 4,
        "geometric_tension": 1.2027
      },
      "decomposition": {
        "morphological": {
          "value": 11.8048,
          "percentage": 92.94,
          "source": "Fleksja, ambiguity morfologiczna"
        },
        "syntactic": {
          "value": 0.4106,
          "percentage": 3.23,
          "source": "Głębokość składniowa, długość zdań"
        },
        "semantic": {
          "value": 0.4856,
          "percentage": 3.82,
          "source": "Chaos semantyczny w przestrzeni F³"
        }
      }
    },
    "semantic_accessibility": {
      "value": 0.0902,
      "percentage": 9.02,
      "formula": "CD / (CI + CD) = 1.26 / (12.70 + 1.26) = 0.090",
      "interpretation": "Tekst trudno dostępny (< 30% definiteness)",
      "category": "NISKA_DOSTĘPNOŚĆ",
      "range": "[0,1] gdzie 1=maksymalna dostępność, 0=niedostępny",
      "advantages": [
        "Znormalizowana do [0,1]",
        "Niezależna od skali absolutnej",
        "Intuicyjna interpretacja"
      ]
    },
    "duality": {
      "product": 16.0,
      "theoretical": 16,
      "error_percent": 0.0,
      "formula": "CI × CD = Depth²",
      "verification": "PASSED",
      "interpretation": "Dualność wynika z Zasady Nieoznaczoności Semantycznej: Δ_form · Δ_int ≥ ħ_semantic"
    },
    "classification": {
      "type": "CHAOTIC_STRUCTURE",
      "cd_ci_ratio": 0.0992,
      "description": "Tekst chaotyczny, wieloznaczny (CI > CD)",
      "enhanced_type": "STRUCTURED"
    },
    "theoretical_basis": {
      "derived_from": "Zasada Nieoznaczoności Semantycznej (GTMØ Axiom)",
      "morphosyntactic_projection": "Δ_form = Ambiguity × f(Depth), Δ_geom = √(E/(D×S))",
      "fundamental_constant": "Ø₀ = 1.2925 (Hausdorff dimension of fractal boundaries)",
      "operator": "Ø: projekcja na |ψ_Ø⟩ = (1/√3, 1/√3, 1/√3)ᵀ",
      "semantic_accessibility": "SA = CD/(CI+CD) normalizuje dostępność do [0,1]",
      "ci_decomposition": "CI = CI_morphological + CI_syntactic + CI_semantic"
    }
  },
  "geometric_balance": 0.831429,
  "geometric_tension": 1.202748,
  "critical_block": true,
  "critical_reason": "LOW_SA",
  "topological_attractors": {
    "nearest_attractor": {
      "attractor_name": "Dyskurs zrównoważony",
      "attractor_type": "fixed_point",
      "distance": 0.35107413357694106,
      "in_basin": false,
      "basin_radius": 0.25,
      "pull_strength": 1.0,
      "stability_index": 0.75,
      "coordinates": [
        0.65,
        0.7,
        0.35
      ]
    },
    "basin_analysis": {
      "primary_basin": null,
      "all_basins": [],
      "num_basins": 0,
      "nearest_attractors": [
        {
          "name": "BALANCED_DISCOURSE",
          "display_name": "Dyskurs zrównoważony",
          "distance": 0.35107413357694106,
          "in_basin": false,
          "type": "fixed_point",
          "stability": 0.75
        },
        {
          "name": "IMPERATIVE_COMMAND",
          "display_name": "Rozkaz imperatywny",
          "distance": 0.4650590453856051,
          "in_basin": false,
          "type": "fixed_point",
          "stability": 0.92
        },
        {
          "name": "LEGAL_NORM",
          "display_name": "Norma prawna",
          "distance": 0.5091586992096759,
          "in_basin": false,
          "type": "fixed_point",
          "stability": 0.88
        }
      ],
      "is_in_basin": false,
      "basin_overlap": false
    }
  },
  "temporal_evolution": {
    "num_states": 1,
    "time_span": 0.0,
    "total_distance": 0.0,
    "mean_coords": [
      0.7955108889228197,
      0.4002601147938306,
      0.4606147806049584
    ],
    "std_coords": [
      0.0,
      0.0,
      0.0
    ],
    "current_coords": [
      0.7955108889228197,
      0.4002601147938306,
      0.4606147806049584
    ],
    "current_attractor": {
      "attractor_name": "Dyskurs zrównoważony",
      "attractor_type": "fixed_point",
      "distance": 0.35107413357694106,
      "in_basin": false,
      "basin_radius": 0.25,
      "pull_strength": 1.0,
      "stability_index": 0.75,
      "coordinates": [
        0.65,
        0.7,
        0.35
      ]
    },
    "velocity": null,
    "acceleration": null,
    "num_bifurcations": 0,
    "bifurcation_points": []
  },
  "quantum_enhanced": {
    "num_quantum_states": 16,
    "coherence_detailed": {
      "total_coherence": 0.9950404893317288,
      "phase_coherence": 1.0,
      "amplitude_coherence": 0.9834682977724291,
      "spatial_coherence": 1.0,
      "mean_phase": -0.7056409710881388,
      "mean_amplitude": 0.3171741046568016,
      "phase_std": 0.0,
      "amplitude_std": 0.12911187305050467
    },
    "entanglement": {
      "entanglement_matrix": [
        [
          0.0,
          0.15871371447823107,
          0.20431075656401976,
          0.24537196270420203,
          0.043806428497009074,
          0.20431075656401976,
          0.20431075656401976,
          0.07726264361081188,
          0.18216282714741955,
          0.26452199231079127,
          0.24537196270420203,
          0.18216282714741955,
          0.26452199231079127,
          0.15871371447823107,
          0.225336017120684,
          0.20431075656401976
        ],
        [
          0.15871371447823107,
          0.0,
          0.29468709437779983,
          0.34941236871917136,
          0.06665753537063684,
          0.29468709437779983,
          0.29468709437779983,
          0.11600220667213233,
          0.26452199231079127,
          0.3743639998919825,
          0.34941236871917136,
          0.26452199231079127,
          0.3743639998919825,
          0.2321189726067744,
          0.32291031389360875,
          0.29468709437779983
        ],
        [
          0.20431075656401976,
          0.29468709437779983,
          0.0,
          0.43288669207758984,
          0.08744704376303815,
          0.36949077286031434,
          0.36949077286031434,
          0.15056767868486998,
          0.33370719050688946,
          0.461039581183618,
          0.43288669207758984,
          0.33370719050688946,
          0.461039581183618,
          0.29468709437779983,
          0.4024488213435473,
          0.36949077286031434
        ],
        [
          0.24537196270420203,
          0.34941236871917136,
          0.43288669207758984,
          0.0,
          0.10677722795912956,
          0.43288669207758984,
          0.43288669207758984,
          0.18216282714741958,
          0.3933012045888675,
          0.5304049453071662,
          0.5010984353549262,
          0.3933012045888675,
          0.5304049453071662,
          0.34941236871917136,
          0.4686906046758075,
          0.43288669207758984
        ],
        [
          0.043806428497009074,
          0.06665753537063684,
          0.08744704376303815,
          0.10677722795912956,
          0.0,
          0.08744704376303815,
          0.08744704376303815,
          0.031217767302183987,
          0.07726264361081188,
          0.11600220667213233,
          0.10677722795912956,
          0.07726264361081188,
          0.11600220667213233,
          0.06665753537063684,
          0.09727037566651199,
          0.08744704376303815
        ],
        [
          0.20431075656401976,
          0.29468709437779983,
          0.36949077286031434,
          0.43288669207758984,
          0.08744704376303815,
          0.0,
          0.36949077286031434,
          0.15056767868486998,
          0.33370719050688946,
          0.461039581183618,
          0.43288669207758984,
          0.33370719050688946,
          0.461039581183618,
          0.29468709437779983,
          0.4024488213435473,
          0.36949077286031434
        ],
        [
          0.20431075656401976,
          0.29468709437779983,
          0.36949077286031434,
          0.43288669207758984,
          0.08744704376303815,
          0.36949077286031434,
          0.0,
          0.15056767868486998,
          0.33370719050688946,
          0.461039581183618,
          0.43288669207758984,
          0.33370719050688946,
          0.461039581183618,
          0.29468709437779983,
          0.4024488213435473,
          0.36949077286031434
        ],
        [
          0.07726264361081188,
          0.11600220667213233,
          0.15056767868486998,
          0.18216282714741958,
          0.031217767302183987,
          0.15056767868486998,
          0.15056767868486998,
          0.0,
          0.1337120609098489,
          0.19706054720521968,
          0.18216282714741958,
          0.1337120609098489,
          0.19706054720521968,
          0.11600220667213233,
          0.1666882414673199,
          0.15056767868486998
        ],
        [
          0.18216282714741955,
          0.26452199231079127,
          0.33370719050688946,
          0.3933012045888675,
          0.07726264361081188,
          0.33370719050688946,
          0.33370719050688946,
          0.1337120609098489,
          0.0,
          0.42013408714663303,
          0.3933012045888675,
          0.30047914345152016,
          0.42013408714663303,
          0.26452199231079127,
          0.3645600520529101,
          0.33370719050688946
        ],
        [
          0.26452199231079127,
          0.3743639998919825,
          0.461039581183618,
          0.5304049453071662,
          0.11600220667213233,
          0.461039581183618,
          0.461039581183618,
          0.19706054720521968,
          0.42013408714663303,
          0.0,
          0.5304049453071662,
          0.42013408714663303,
          0.5596098456987264,
          0.3743639998919825,
          0.49765548155050876,
          0.461039581183618
        ],
        [
          0.24537196270420203,
          0.34941236871917136,
          0.43288669207758984,
          0.5010984353549262,
          0.10677722795912956,
          0.43288669207758984,
          0.43288669207758984,
          0.18216282714741958,
          0.3933012045888675,
          0.5304049453071662,
          0.0,
          0.3933012045888675,
          0.5304049453071662,
          0.34941236871917136,
          0.4686906046758075,
          0.43288669207758984
        ],
        [
          0.18216282714741955,
          0.26452199231079127,
          0.33370719050688946,
          0.3933012045888675,
          0.07726264361081188,
          0.33370719050688946,
          0.33370719050688946,
          0.1337120609098489,
          0.30047914345152016,
          0.42013408714663303,
          0.3933012045888675,
          0.0,
          0.42013408714663303,
          0.26452199231079127,
          0.3645600520529101,
          0.33370719050688946
        ],
        [
          0.26452199231079127,
          0.3743639998919825,
          0.461039581183618,
          0.5304049453071662,
          0.11600220667213233,
          0.461039581183618,
          0.461039581183618,
          0.19706054720521968,
          0.42013408714663303,
          0.5596098456987264,
          0.5304049453071662,
          0.42013408714663303,
          0.0,
          0.3743639998919825,
          0.49765548155050876,
          0.461039581183618
        ],
        [
          0.15871371447823107,
          0.2321189726067744,
          0.29468709437779983,
          0.34941236871917136,
          0.06665753537063684,
          0.29468709437779983,
          0.29468709437779983,
          0.11600220667213233,
          0.26452199231079127,
          0.3743639998919825,
          0.34941236871917136,
          0.26452199231079127,
          0.3743639998919825,
          0.0,
          0.32291031389360875,
          0.29468709437779983
        ],
        [
          0.225336017120684,
          0.32291031389360875,
          0.4024488213435473,
          0.4686906046758075,
          0.09727037566651199,
          0.4024488213435473,
          0.4024488213435473,
          0.1666882414673199,
          0.3645600520529101,
          0.49765548155050876,
          0.4686906046758075,
          0.3645600520529101,
          0.49765548155050876,
          0.32291031389360875,
          0.0,
          0.4024488213435473
        ],
        [
          0.20431075656401976,
          0.29468709437779983,
          0.36949077286031434,
          0.43288669207758984,
          0.08744704376303815,
          0.36949077286031434,
          0.36949077286031434,
          0.15056767868486998,
          0.33370719050688946,
          0.461039581183618,
          0.43288669207758984,
          0.33370719050688946,
          0.461039581183618,
          0.29468709437779983,
          0.4024488213435473,
          0.0
        ]
      ],
      "mean_entanglement": 0.30282080812589585,
      "max_entanglement": 0.5596098456987264,
      "total_entanglement": 36.3384969751075,
      "num_states": 16,
      "highly_entangled_pairs": [
        {
          "word1": "odpowiedzialność",
          "word2": "Samodzielność",
          "index1": 9,
          "index2": 12,
          "entanglement": 0.5596098456987264,
          "distance": 3
        },
        {
          "word1": "publiczne",
          "word2": "odpowiedzialność",
          "index1": 3,
          "index2": 9,
          "entanglement": 0.5304049453071662,
          "distance": 6
        },
        {
          "word1": "publiczne",
          "word2": "Samodzielność",
          "index1": 3,
          "index2": 12,
          "entanglement": 0.5304049453071662,
          "distance": 9
        },
        {
          "word1": "odpowiedzialność",
          "word2": "osobowość",
          "index1": 9,
          "index2": 10,
          "entanglement": 0.5304049453071662,
          "distance": 1
        },
        {
          "word1": "osobowość",
          "word2": "Samodzielność",
          "index1": 10,
          "index2": 12,
          "entanglement": 0.5304049453071662,
          "distance": 2
        },
        {
          "word1": "publiczne",
          "word2": "osobowość",
          "index1": 3,
          "index2": 10,
          "entanglement": 0.5010984353549262,
          "distance": 7
        }
      ]
    },
    "superposition": {
      "is_superposed": false,
      "superposition_degree": 0.0994880876140031,
      "num_superposed_states": 9,
      "mean_overlap": 0.0994880876140031,
      "max_overlap": 0.24753411805267203,
      "superposition_type": "DECOHERENT"
    },
    "quantum_observables": {
      "mean_phase": -0.7056409710881388,
      "std_phase": 0.0,
      "mean_amplitude": 0.3171741046568016,
      "std_amplitude": 0.12911187305050467,
      "mean_frequency": 4.606147806049584,
      "max_frequency": 4.606147806049584,
      "min_frequency": 4.606147806049584
    },
    "wavefunction_samples": [
      {
        "word": "Art",
        "amplitude": 0.14925840219143605,
        "phase": -0.7056409710881388,
        "frequency": 4.606147806049584,
        "coords": [
          0.7955108889228197,
          0.4002601147938306,
          0.4606147806049584
        ]
      },
      {
        "word": "Gmina",
        "amplitude": 0.24876400365239343,
        "phase": -0.7056409710881388,
        "frequency": 4.606147806049584,
        "coords": [
          0.7955108889228197,
          0.4002601147938306,
          0.4606147806049584
        ]
      },
      {
        "word": "zadania",
        "amplitude": 0.3482696051133507,
        "phase": -0.7056409710881388,
        "frequency": 4.606147806049584,
        "coords": [
          0.7955108889228197,
          0.4002601147938306,
          0.4606147806049584
        ]
      },
      {
        "word": "publiczne",
        "amplitude": 0.4477752065743082,
        "phase": -0.7056409710881388,
        "frequency": 4.606147806049584,
        "coords": [
          0.7955108889228197,
          0.4002601147938306,
          0.4606147806049584
        ]
      },
      {
        "word": "w",
        "amplitude": 0.04975280073047869,
        "phase": -0.7056409710881388,
        "frequency": 4.606147806049584,
        "coords": [
          0.7955108889228197,
          0.4002601147938306,
          0.4606147806049584
        ]
      }
    ],
    "quantum_classification": "DECOHERENT"
  },
  "article_number": 2,
  "total_articles": 4,
  "paragraph_count": 1,
  "sentence_count": 4,
  "paragraphs": [
    {
      "version": "2.0",
      "analysis_type": "GTMØ",
      "timestamp": "2025-11-13T09:49:06.630099",
      "content": {
        "text": "Art. 2. 1. Gmina wykonuje zadania publiczne w imieniu własnym i na własną\nodpowiedzialność.\n2. Gmina posiada osobowość prawną.\n3. Samodzielność gminy podlega ochronie sądowej.",
        "length": 175,
        "word_count": 25
      },
      "coordinates": {
        "determination": 0.787494,
        "stability": 0.39141,
        "entropy": 0.477818
      },
      "analysis_metadata": {
        "analyzed_at": "2025-11-13T09:49:06.630099",
        "sequence_number": 0,
        "daily_date": "13112025"
      },
      "additional_metrics": {
        "total_analyses": 66,
        "cases": {
          "nom": 13,
          "gen": 4,
          "acc": 9,
          "loc": 8,
          "dat": 7
        },
        "pos": {
          "subst": 25,
          "interp": 8,
          "adj": 14,
          "prep": 4,
          "part": 1,
          "conj": 1
        },
        "ambiguity": 2.64,
        "debug_tags": [
          "artykuł:brev:pun",
          "Art:Sf:subst:sg.pl:nom.gen.dat.acc.inst.loc.voc:f",
          "Art:Sm1:subst:sg:nom:m1",
          ".:interp",
          ".:interp",
          ".:interp",
          ".:interp",
          ".:interp",
          ".:interp",
          ".:interp"
        ],
        "coords_count": 36
      },
      "interpretation": {
        "determination": "high",
        "stability": "low",
        "entropy": "mixed",
        "overall": "mixed_quality",
        "overall_score": 0.5891
      },
      "phi9": [
        0.7874942672555959,
        0.3914100756273057,
        0.47781814162269715,
        1.6446036482232818,
        0.07380732142838672,
        0.4048414625097548,
        3.856730311988057,
        2.2859339851931604,
        0.3922619541484475
      ],
      "depth": 4,
      "ambiguity": 2.64,
      "source_file": "Dz. U. 1990 Nr 16 poz. 95 v22.md",
      "quantum_metrics": {
        "total_coherence": 0.6736,
        "quantum_words": 16,
        "entanglements": 1,
        "superposition_type": "PARTIALLY_ENTANGLED_MIXED"
      },
      "axiom_protection": {
        "axioms_activated": 0,
        "violations_prevented": 0,
        "meta_reflections": 0
      },
      "temporal_analysis": {
        "coordinates": {
          "determination": 0.7,
          "stability": 0.6,
          "entropy": 0.4
        },
        "tenses": {
          "Pres": 3
        },
        "aspects": {
          "Imp": 3
        },
        "dominant_time": "Pres"
      },
      "extended_rhetorical_analysis": {
        "mode": "literal",
        "irony_score": 0,
        "paradox_score": 0,
        "sarcasm_score": 0,
        "context_score": 0,
        "detected_markers": []
      },
      "quantum_ambiguity": {
        "needs_superposition": false,
        "ambiguity_score": 1.0,
        "ambiguity_markers": [
          "ani"
        ],
        "marker_count": 1
      },
      "depth_metrics": {
        "max_depth": 4,
        "avg_depth": 1.4167,
        "depth_variance": 0.9097
      },
      "rhetorical_analysis": {
        "mode": "literal",
        "irony_score": 0.7,
        "paradox_score": 0.0,
        "structural_divergence": 0.0668,
        "pos_anomalies": {
          "adj_ratio": 0.2642,
          "verb_ratio": 0.0,
          "anomaly_score": 0.7443
        }
      },
      "quantum_tensor": {
        "value": 0.169822,
        "formula": "0.797 × 0.396 × 0.537 = 0.170"
      },
      "constitutional_metrics": {
        "definiteness": {
          "value": 1.2522,
          "formula": "(1/2.64) × 4 × √(0.797×0.396/0.463) = 1.25",
          "interpretation": "Wysoka CD = tekst uporządkowany, jednoznaczny, strukturalny",
          "components": {
            "inverse_ambiguity": 0.3788,
            "depth": 4,
            "geometric_balance": 0.8265
          }
        },
        "indefiniteness": {
          "value": 12.7771,
          "formula": "2.64 × 4 × √(0.463/(0.797×0.396)) = 12.78",
          "interpretation": "Wysoka CI = tekst chaotyczny, wieloznaczny, nieprzewidywalny",
          "components": {
            "ambiguity": 2.64,
            "depth": 4,
            "geometric_tension": 1.21
          },
          "decomposition": {
            "morphological": {
              "value": 11.8745,
              "percentage": 92.94,
              "source": "Fleksja, ambiguity morfologiczna"
            },
            "syntactic": {
              "value": 0.413,
              "percentage": 3.23,
              "source": "Głębokość składniowa, długość zdań"
            },
            "semantic": {
              "value": 0.4896,
              "percentage": 3.83,
              "source": "Chaos semantyczny w przestrzeni F³"
            }
          }
        },
        "semantic_accessibility": {
          "value": 0.0893,
          "percentage": 8.93,
          "formula": "CD / (CI + CD) = 1.25 / (12.78 + 1.25) = 0.089",
          "interpretation": "Tekst trudno dostępny (< 30% definiteness)",
          "category": "NISKA_DOSTĘPNOŚĆ",
          "range": "[0,1] gdzie 1=maksymalna dostępność, 0=niedostępny",
          "advantages": [
            "Znormalizowana do [0,1]",
            "Niezależna od skali absolutnej",
            "Intuicyjna interpretacja"
          ]
        },
        "duality": {
          "product": 16.0,
          "theoretical": 16,
          "error_percent": 0.0,
          "formula": "CI × CD = Depth²",
          "verification": "PASSED",
          "interpretation": "Dualność wynika z Zasady Nieoznaczoności Semantycznej: Δ_form · Δ_int ≥ ħ_semantic"
        },
        "classification": {
          "type": "CHAOTIC_STRUCTURE",
          "cd_ci_ratio": 0.098,
          "description": "Tekst chaotyczny, wieloznaczny (CI > CD)",
          "enhanced_type": "STRUCTURED"
        },
        "theoretical_basis": {
          "derived_from": "Zasada Nieoznaczoności Semantycznej (GTMØ Axiom)",
          "morphosyntactic_projection": "Δ_form = Ambiguity × f(Depth), Δ_geom = √(E/(D×S))",
          "fundamental_constant": "Ø₀ = 1.2925 (Hausdorff dimension of fractal boundaries)",
          "operator": "Ø: projekcja na |ψ_Ø⟩ = (1/√3, 1/√3, 1/√3)ᵀ",
          "semantic_accessibility": "SA = CD/(CI+CD) normalizuje dostępność do [0,1]",
          "ci_decomposition": "CI = CI_morphological + CI_syntactic + CI_semantic"
        }
      },
      "geometric_balance": 0.826477,
      "geometric_tension": 1.209955,
      "critical_block": true,
      "critical_reason": "LOW_SA",
      "topological_attractors": {
        "nearest_attractor": {
          "attractor_name": "Dyskurs zrównoważony",
          "attractor_type": "fixed_point",
          "distance": 0.3558782574604444,
          "in_basin": false,
          "basin_radius": 0.25,
          "pull_strength": 1.0,
          "stability_index": 0.75,
          "coordinates": [
            0.65,
            0.7,
            0.35
          ]
        },
        "basin_analysis": {
          "primary_basin": null,
          "all_basins": [],
          "num_basins": 0,
          "nearest_attractors": [
            {
              "name": "BALANCED_DISCOURSE",
              "display_name": "Dyskurs zrównoważony",
              "distance": 0.3558782574604444,
              "in_basin": false,
              "type": "fixed_point",
              "stability": 0.75
            },
            {
              "name": "IMPERATIVE_COMMAND",
              "display_name": "Rozkaz imperatywny",
              "distance": 0.46819104236818104,
              "in_basin": false,
              "type": "fixed_point",
              "stability": 0.92
            },
            {
              "name": "LEGAL_NORM",
              "display_name": "Norma prawna",
              "distance": 0.5133194607205749,
              "in_basin": false,
              "type": "fixed_point",
              "stability": 0.88
            }
          ],
          "is_in_basin": false,
          "basin_overlap": false
        }
      },
      "temporal_evolution": {
        "num_states": 1,
        "time_span": 0.0,
        "total_distance": 0.0,
        "mean_coords": [
          0.7974942672555959,
          0.3964100756273057,
          0.46281814162269713
        ],
        "std_coords": [
          0.0,
          0.0,
          0.0
        ],
        "current_coords": [
          0.7974942672555959,
          0.3964100756273057,
          0.46281814162269713
        ],
        "current_attractor": {
          "attractor_name": "Dyskurs zrównoważony",
          "attractor_type": "fixed_point",
          "distance": 0.3558782574604444,
          "in_basin": false,
          "basin_radius": 0.25,
          "pull_strength": 1.0,
          "stability_index": 0.75,
          "coordinates": [
            0.65,
            0.7,
            0.35
          ]
        },
        "velocity": null,
        "acceleration": null,
        "num_bifurcations": 0,
        "bifurcation_points": []
      },
      "quantum_enhanced": {
        "num_quantum_states": 16,
        "coherence_detailed": {
          "total_coherence": 0.9974693443454534,
          "phase_coherence": 1.0,
          "amplitude_coherence": 0.9915644811515113,
          "spatial_coherence": 1.0,
          "mean_phase": -0.6960063151747236,
          "mean_amplitude": 0.22610311802236618,
          "phase_std": 7.343435057440258e-17,
          "amplitude_std": 0.09203966099948444
        },
        "entanglement": {
          "entanglement_matrix": [
            [
              0.0,
              0.09360337125518482,
              0.12205514781683216,
              0.1482616389827905,
              0.02482300200883024,
              0.12205514781683216,
              0.12205514781683216,
              0.04440017026740582,
              0.1081524972722601,
              0.16068614891885624,
              0.1482616389827905,
              0.1081524972722601,
              0.16068614891885624,
              0.09360337125518482,
              0.1354022136329927,
              0.12205514781683216
            ],
            [
              0.09360337125518482,
              0.0,
              0.1805380055472773,
              0.2175258512625916,
              0.038150844993852295,
              0.1805380055472773,
              0.1805380055472773,
              0.06754264938215249,
              0.16068614891885624,
              0.2348625945645022,
              0.2175258512625916,
              0.16068614891885624,
              0.2348625945645022,
              0.13974000780478457,
              0.19944688591563664,
              0.1805380055472773
            ],
            [
              0.12205514781683216,
              0.1805380055472773,
              0.0,
              0.27693109526730497,
              0.05043726639198383,
              0.23145105415296652,
              0.23145105415296652,
              0.08858938393021791,
              0.20677268236702245,
              0.298013012514026,
              0.27693109526730497,
              0.20677268236702245,
              0.298013012514026,
              0.1805380055472773,
              0.2547845628961547,
              0.23145105415296652
            ],
            [
              0.1482616389827905,
              0.2175258512625916,
              0.27693109526730497,
              0.0,
              0.061988377380602505,
              0.27693109526730497,
              0.27693109526730497,
              0.10815249727226012,
              0.24824508738746118,
              0.3531800359371041,
              0.3292191490263951,
              0.24824508738746118,
              0.3531800359371041,
              0.2175258512625916,
              0.30385502564341504,
              0.27693109526730497
            ],
            [
              0.02482300200883024,
              0.038150844993852295,
              0.05043726639198383,
              0.061988377380602505,
              0.0,
              0.05043726639198383,
              0.05043726639198383,
              0.017570338297324333,
              0.04440017026740582,
              0.06754264938215249,
              0.061988377380602505,
              0.04440017026740582,
              0.06754264938215249,
              0.038150844993852295,
              0.0562924470856761,
              0.05043726639198383
            ],
            [
              0.12205514781683216,
              0.1805380055472773,
              0.23145105415296652,
              0.27693109526730497,
              0.05043726639198383,
              0.0,
              0.23145105415296652,
              0.08858938393021791,
              0.20677268236702245,
              0.298013012514026,
              0.27693109526730497,
              0.20677268236702245,
              0.298013012514026,
              0.1805380055472773,
              0.2547845628961547,
              0.23145105415296652
            ],
            [
              0.12205514781683216,
              0.1805380055472773,
              0.23145105415296652,
              0.27693109526730497,
              0.05043726639198383,
              0.23145105415296652,
              0.0,
              0.08858938393021791,
              0.20677268236702245,
              0.298013012514026,
              0.27693109526730497,
              0.20677268236702245,
              0.298013012514026,
              0.1805380055472773,
              0.2547845628961547,
              0.23145105415296652
            ],
            [
              0.04440017026740582,
              0.06754264938215249,
              0.08858938393021791,
              0.10815249727226012,
              0.017570338297324333,
              0.08858938393021791,
              0.08858938393021791,
              0.0,
              0.07827986463879638,
              0.11748658055276337,
              0.10815249727226012,
              0.07827986463879638,
              0.11748658055276337,
              0.06754264938215249,
              0.09853182228167529,
              0.08858938393021791
            ],
            [
              0.1081524972722601,
              0.16068614891885624,
              0.20677268236702245,
              0.24824508738746118,
              0.04440017026740582,
              0.20677268236702245,
              0.20677268236702245,
              0.07827986463879638,
              0.0,
              0.2675765569130697,
              0.24824508738746118,
              0.18439115371941073,
              0.2675765569130697,
              0.16068614891885624,
              0.22801215383862433,
              0.20677268236702245
            ],
            [
              0.16068614891885624,
              0.2348625945645022,
              0.298013012514026,
              0.3531800359371041,
              0.06754264938215249,
              0.298013012514026,
              0.298013012514026,
              0.11748658055276337,
              0.2675765569130697,
              0.0,
              0.3531800359371041,
              0.2675765569130697,
              0.3783082926167324,
              0.2348625945645022,
              0.3264727576989468,
              0.298013012514026
            ],
            [
              0.1482616389827905,
              0.2175258512625916,
              0.27693109526730497,
              0.3292191490263951,
              0.061988377380602505,
              0.27693109526730497,
              0.27693109526730497,
              0.10815249727226012,
              0.24824508738746118,
              0.3531800359371041,
              0.0,
              0.24824508738746118,
              0.3531800359371041,
              0.2175258512625916,
              0.30385502564341504,
              0.27693109526730497
            ],
            [
              0.1081524972722601,
              0.16068614891885624,
              0.20677268236702245,
              0.24824508738746118,
              0.04440017026740582,
              0.20677268236702245,
              0.20677268236702245,
              0.07827986463879638,
              0.18439115371941073,
              0.2675765569130697,
              0.24824508738746118,
              0.0,
              0.2675765569130697,
              0.16068614891885624,
              0.22801215383862433,
              0.20677268236702245
            ],
            [
              0.16068614891885624,
              0.2348625945645022,
              0.298013012514026,
              0.3531800359371041,
              0.06754264938215249,
              0.298013012514026,
              0.298013012514026,
              0.11748658055276337,
              0.2675765569130697,
              0.3783082926167324,
              0.3531800359371041,
              0.2675765569130697,
              0.0,
              0.2348625945645022,
              0.3264727576989468,
              0.298013012514026
            ],
            [
              0.09360337125518482,
              0.13974000780478457,
              0.1805380055472773,
              0.2175258512625916,
              0.038150844993852295,
              0.1805380055472773,
              0.1805380055472773,
              0.06754264938215249,
              0.16068614891885624,
              0.2348625945645022,
              0.2175258512625916,
              0.16068614891885624,
              0.2348625945645022,
              0.0,
              0.19944688591563664,
              0.1805380055472773
            ],
            [
              0.1354022136329927,
              0.19944688591563664,
              0.2547845628961547,
              0.30385502564341504,
              0.0562924470856761,
              0.2547845628961547,
              0.2547845628961547,
              0.09853182228167529,
              0.22801215383862433,
              0.3264727576989468,
              0.30385502564341504,
              0.22801215383862433,
              0.3264727576989468,
              0.19944688591563664,
              0.0,
              0.2547845628961547
            ],
            [
              0.12205514781683216,
              0.1805380055472773,
              0.23145105415296652,
              0.27693109526730497,
              0.05043726639198383,
              0.23145105415296652,
              0.23145105415296652,
              0.08858938393021791,
              0.20677268236702245,
              0.298013012514026,
              0.27693109526730497,
              0.20677268236702245,
              0.298013012514026,
              0.1805380055472773,
              0.2547845628961547,
              0.0
            ]
          ],
          "mean_entanglement": 0.18992718381742138,
          "max_entanglement": 0.3783082926167324,
          "total_entanglement": 22.791262058090567,
          "num_states": 16,
          "highly_entangled_pairs": []
        },
        "superposition": {
          "is_superposed": false,
          "superposition_degree": 0.050557866699642726,
          "num_superposed_states": 4,
          "mean_overlap": 0.050557866699642726,
          "max_overlap": 0.12579191382867771,
          "superposition_type": "DECOHERENT"
        },
        "quantum_observables": {
          "mean_phase": -0.6960063151747236,
          "std_phase": 7.343435057440258e-17,
          "mean_amplitude": 0.22610311802236618,
          "std_amplitude": 0.09203966099948444,
          "mean_frequency": 4.628181416226972,
          "max_frequency": 4.628181416226972,
          "min_frequency": 4.628181416226972
        },
        "wavefunction_samples": [
          {
            "word": "Art",
            "amplitude": 0.10640146730464292,
            "phase": -0.6960063151747237,
            "frequency": 4.628181416226972,
            "coords": [
              0.7974942672555959,
              0.3964100756273057,
              0.46281814162269713
            ]
          },
          {
            "word": "Gmina",
            "amplitude": 0.17733577884107152,
            "phase": -0.6960063151747237,
            "frequency": 4.628181416226972,
