{
  "version": "2.0",
  "analysis_type": "GTMØ_FULL_DOCUMENT",
  "timestamp": "2025-11-13T09:49:07.097754",
  "source_file": {
    "path": "C:\\Users\\develop22\\Desktop\\Dz. U. 1990 Nr 16 poz. 95 v22.md",
    "name": "Dz. U. 1990 Nr 16 poz. 95 v22.md",
    "extension": ".md",
    "hash": "7ccfac1e6393be23a476d86569842a128b94b0db28866308475cbc1b3fe69954"
  },
  "document_metadata": {
    "unit_type": "articles",
    "total_units": 4,
    "analyzed_units": 4,
    "total_characters": 969,
    "total_words": 148
  },
  "aggregate_coordinates": {
    "determination": 0.730452,
    "stability": 0.405345,
    "entropy": 0.514433
  },
  "aggregate_metrics": {
    "average_ambiguity": 2.4562,
    "min_ambiguity": 2.2632,
    "max_ambiguity": 2.64,
    "std_ambiguity": 0.1656,
    "sample_count_ambiguity": 4,
    "average_max_depth": 5.75,
    "min_max_depth": 4,
    "max_max_depth": 7,
    "std_max_depth": 1.5,
    "sample_count_max_depth": 4,
    "average_geometric_balance": 0.781205,
    "min_geometric_balance": 0.728636,
    "max_geometric_balance": 0.831429,
    "std_geometric_balance": 0.042758,
    "sample_count_geometric_balance": 4,
    "average_geometric_tension": 1.282974,
    "min_geometric_tension": 1.202748,
    "max_geometric_tension": 1.372427,
    "std_geometric_tension": 0.07072,
    "sample_count_geometric_tension": 4,
    "coordinates_stats": {
      "determination": {
        "average": 0.730452,
        "min": 0.695723,
        "max": 0.785511,
        "stddev": 0.039667,
        "sample_count": 4
      },
      "stability": {
        "average": 0.405345,
        "min": 0.386266,
        "max": 0.428014,
        "stddev": 0.018455,
        "sample_count": 4
      },
      "entropy": {
        "average": 0.514433,
        "min": 0.475615,
        "max": 0.569091,
        "stddev": 0.042622,
        "sample_count": 4
      }
    }
  },
  "interpretation": {
    "determination": "high",
    "stability": "moderate",
    "entropy": "mixed",
    "overall": "moderate_quality",
    "overall_score": 0.5405
  },
  "articles": [
    {
      "version": "2.0",
      "analysis_type": "GTMØ",
      "timestamp": "2025-11-13T09:49:06.489475",
      "content": {
        "text": "Art. 1. 1. Mieszkańcy gminy tworzą z mocy prawa wspólnotę samorządową.\n2. Ilekroć w ustawie jest mowa o gminie, należy przez to rozumieć wspólnotę\nsamorządową oraz odpowiednie terytorium.",
        "length": 187,
        "word_count": 28
      },
      "coordinates": {
        "determination": 0.732036,
        "stability": 0.428014,
        "entropy": 0.526884
      },
      "analysis_metadata": {
        "analyzed_at": "2025-11-13T09:49:06.489475",
        "sequence_number": 0,
        "daily_date": "13112025",
        "article_number": 1,
        "saved_at": "2025-11-13T09:49:06.491934",
        "unit_type": "legal_article"
      },
      "additional_metrics": {
        "total_analyses": 71,
        "cases": {
          "nom": 14,
          "gen": 6,
          "dat": 4,
          "voc": 3,
          "acc": 11,
          "loc": 4
        },
        "pos": {
          "subst": 28,
          "interp": 7,
          "prep": 7,
          "part": 2,
          "adj": 11,
          "adv": 2,
          "conj": 2
        },
        "ambiguity": 2.5357142857142856,
        "debug_tags": [
          "artykuł:brev:pun",
          "Art:Sf:subst:sg.pl:nom.gen.dat.acc.inst.loc.voc:f",
          "Art:Sm1:subst:sg:nom:m1",
          ".:interp",
          ".:interp",
          ".:interp",
          ".:interp",
          ".:interp",
          ".:interp",
          "1:dig"
        ],
        "coords_count": 44
      },
      "interpretation": {
        "determination": "high",
        "stability": "moderate",
        "entropy": "mixed",
        "overall": "mixed_quality",
        "overall_score": 0.5632
      },
      "phi9": [
        0.7320359217001421,
        0.4280141538521142,
        0.5268844001941435,
        1.9568702752851646,
        0.3860739484902679,
        0.4794456443113193,
        4.056670512968314,
        2.4858741861734175,
        0.43511718880035977
      ],
      "depth": 5,
      "ambiguity": 2.5357142857142856,
      "source_file": "Dz. U. 1990 Nr 16 poz. 95 v22.md",
      "quantum_metrics": {
        "total_coherence": 0.8838,
        "quantum_words": 17,
        "entanglements": 3,
        "superposition_type": "COHERENT_SUPERPOSITION"
      },
      "axiom_protection": {
        "axioms_activated": 0,
        "violations_prevented": 0,
        "meta_reflections": 0
      },
      "temporal_analysis": {
        "coordinates": {
          "determination": 0.7,
          "stability": 0.6,
          "entropy": 0.4
        },
        "tenses": {
          "Pres": 4
        },
        "aspects": {
          "Imp": 5
        },
        "dominant_time": "Pres"
      },
      "extended_rhetorical_analysis": {
        "mode": "literal",
        "irony_score": 1.5,
        "paradox_score": 0,
        "sarcasm_score": 0,
        "context_score": 0,
        "detected_markers": [
          [
            "irony",
            "ależ"
          ]
        ]
      },
      "quantum_ambiguity": {
        "needs_superposition": false,
        "ambiguity_score": 0.0,
        "ambiguity_markers": [],
        "marker_count": 0
      },
      "depth_metrics": {
        "max_depth": 5,
        "avg_depth": 1.9459,
        "depth_variance": 1.7268
      },
      "rhetorical_analysis": {
        "mode": "literal",
        "irony_score": 0.2,
        "paradox_score": 0.0,
        "structural_divergence": 0.1695,
        "pos_anomalies": {
          "adj_ratio": 0.1864,
          "verb_ratio": 0.0,
          "anomaly_score": 0.5093
        }
      },
      "quantum_tensor": {
        "value": 0.156837,
        "formula": "0.742 × 0.433 × 0.488 = 0.157"
      },
      "constitutional_metrics": {
        "definiteness": {
          "value": 1.5622,
          "formula": "(1/2.54) × 5 × √(0.742×0.433/0.512) = 1.56",
          "interpretation": "Wysoka CD = tekst uporządkowany, jednoznaczny, strukturalny",
          "components": {
            "inverse_ambiguity": 0.3944,
            "depth": 5,
            "geometric_balance": 0.7923
          }
        },
        "indefiniteness": {
          "value": 16.0027,
          "formula": "2.54 × 5 × √(0.512/(0.742×0.433)) = 16.00",
          "interpretation": "Wysoka CI = tekst chaotyczny, wieloznaczny, nieprzewidywalny",
          "components": {
            "ambiguity": 2.5357,
            "depth": 5,
            "geometric_tension": 1.2622
          },
          "decomposition": {
            "morphological": {
              "value": 14.4801,
              "percentage": 90.49,
              "source": "Fleksja, ambiguity morfologiczna"
            },
            "syntactic": {
              "value": 0.793,
              "percentage": 4.96,
              "source": "Głębokość składniowa, długość zdań"
            },
            "semantic": {
              "value": 0.7296,
              "percentage": 4.56,
              "source": "Chaos semantyczny w przestrzeni F³"
            }
          }
        },
        "semantic_accessibility": {
          "value": 0.0889,
          "percentage": 8.89,
          "formula": "CD / (CI + CD) = 1.56 / (16.00 + 1.56) = 0.089",
          "interpretation": "Tekst trudno dostępny (< 30% definiteness)",
          "category": "NISKA_DOSTĘPNOŚĆ",
          "range": "[0,1] gdzie 1=maksymalna dostępność, 0=niedostępny",
          "advantages": [
            "Znormalizowana do [0,1]",
            "Niezależna od skali absolutnej",
            "Intuicyjna interpretacja"
          ]
        },
        "duality": {
          "product": 25.0,
          "theoretical": 25,
          "error_percent": 0.0,
          "formula": "CI × CD = Depth²",
          "verification": "PASSED",
          "interpretation": "Dualność wynika z Zasady Nieoznaczoności Semantycznej: Δ_form · Δ_int ≥ ħ_semantic"
        },
        "classification": {
          "type": "CHAOTIC_STRUCTURE",
          "cd_ci_ratio": 0.0976,
          "description": "Tekst chaotyczny, wieloznaczny (CI > CD)",
          "enhanced_type": "STRUCTURED"
        },
        "theoretical_basis": {
          "derived_from": "Zasada Nieoznaczoności Semantycznej (GTMØ Axiom)",
          "morphosyntactic_projection": "Δ_form = Ambiguity × f(Depth), Δ_geom = √(E/(D×S))",
          "fundamental_constant": "Ø₀ = 1.2925 (Hausdorff dimension of fractal boundaries)",
          "operator": "Ø: projekcja na |ψ_Ø⟩ = (1/√3, 1/√3, 1/√3)ᵀ",
          "semantic_accessibility": "SA = CD/(CI+CD) normalizuje dostępność do [0,1]",
          "ci_decomposition": "CI = CI_morphological + CI_syntactic + CI_semantic"
        }
      },
      "geometric_balance": 0.792278,
      "geometric_tension": 1.262183,
      "critical_block": true,
      "critical_reason": "LOW_SA",
      "topological_attractors": {
        "nearest_attractor": {
          "attractor_name": "Dyskurs zrównoważony",
          "attractor_type": "fixed_point",
          "distance": 0.32551284452800755,
          "in_basin": false,
          "basin_radius": 0.25,
          "pull_strength": 1.0,
          "stability_index": 0.75,
          "coordinates": [
            0.65,
            0.7,
            0.35
          ]
        },
        "basin_analysis": {
          "primary_basin": null,
          "all_basins": [],
          "num_basins": 0,
          "nearest_attractors": [
            {
              "name": "BALANCED_DISCOURSE",
              "display_name": "Dyskurs zrównoważony",
              "distance": 0.32551284452800755,
              "in_basin": false,
              "type": "fixed_point",
              "stability": 0.75
            },
            {
              "name": "POETIC_AMBIGUITY",
              "display_name": "Wieloznaczność poetycka",
              "distance": 0.4328663752280897,
              "in_basin": false,
              "type": "limit_cycle",
              "stability": 0.45
            },
            {
              "name": "IMPERATIVE_COMMAND",
              "display_name": "Rozkaz imperatywny",
              "distance": 0.5098830007118424,
              "in_basin": false,
              "type": "fixed_point",
              "stability": 0.92
            }
          ],
          "is_in_basin": false,
          "basin_overlap": false
        }
      },
      "temporal_evolution": {
        "num_states": 1,
        "time_span": 0.0,
        "total_distance": 0.0,
        "mean_coords": [
          0.7420359217001421,
          0.4330141538521142,
          0.5118844001941435
        ],
        "std_coords": [
          0.0,
          0.0,
          0.0
        ],
        "current_coords": [
          0.7420359217001421,
          0.4330141538521142,
          0.5118844001941435
        ],
        "current_attractor": {
          "attractor_name": "Dyskurs zrównoważony",
          "attractor_type": "fixed_point",
          "distance": 0.32551284452800755,
          "in_basin": false,
          "basin_radius": 0.25,
          "pull_strength": 1.0,
          "stability_index": 0.75,
          "coordinates": [
            0.65,
            0.7,
            0.35
          ]
        },
        "velocity": null,
        "acceleration": null,
        "num_bifurcations": 0,
        "bifurcation_points": []
      },
      "quantum_enhanced": {
        "num_quantum_states": 17,
        "coherence_detailed": {
          "total_coherence": 0.9950410171692365,
          "phase_coherence": 1.0,
          "amplitude_coherence": 0.9834700572307881,
          "spatial_coherence": 1.0,
          "mean_phase": -0.9244920718850642,
          "mean_amplitude": 0.21691093373793063,
          "phase_std": 0.0,
          "amplitude_std": 0.12910494463834957
        },
        "entanglement": {
          "entanglement_matrix": [
            [
              0.0,
              0.19008037260866076,
              0.11167099423438258,
              0.029969961957786024,
              0.09359171496827082,
              0.11167099423438258,
              0.17564788948783575,
              0.19008037260866076,
              0.029969961957786024,
              0.14507197175569392,
              0.09359171496827082,
              0.029969961957786024,
              0.1287778078713325,
              0.11167099423438258,
              0.053379172642442047,
              0.19008037260866076,
              0.19008037260866076
            ],
            [
              0.19008037260866076,
              0.0,
              0.2753555402600032,
              0.08088447515065636,
              0.23483603079225765,
              0.2753555402600032,
              0.4076658861566823,
              0.435023241018222,
              0.08088447515065636,
              0.34662135820429857,
              0.23483603079225765,
              0.08088447515065636,
              0.31244117243085573,
              0.2753555402600032,
              0.13972315566336616,
              0.435023241018222,
              0.435023241018222
            ],
            [
              0.11167099423438258,
              0.2753555402600032,
              0.0,
              0.04592204586241286,
              0.13972315566336616,
              0.1657253270613423,
              0.25556664616963626,
              0.2753555402600032,
              0.04592204586241286,
              0.2130543057567581,
              0.13972315566336616,
              0.04592204586241286,
              0.19008037260866076,
              0.1657253270613423,
              0.08088447515065636,
              0.2753555402600032,
              0.2753555402600032
            ],
            [
              0.029969961957786024,
              0.08088447515065636,
              0.04592204586241286,
              0.0,
              0.03814586673459321,
              0.04592204586241286,
              0.07429804786410887,
              0.08088447515065636,
              0.011719650815669534,
              0.060570551940322584,
              0.03814586673459321,
              0.011719650815669534,
              0.053379172642442047,
              0.04592204586241286,
              0.02125735921079415,
              0.08088447515065636,
              0.08088447515065636
            ],
            [
              0.09359171496827082,
              0.23483603079225765,
              0.13972315566336616,
              0.03814586673459321,
              0.0,
              0.13972315566336616,
              0.21750095222977603,
              0.23483603079225765,
              0.03814586673459321,
              0.18051681858051158,
              0.11747219568237748,
              0.03814586673459321,
              0.16066704048360894,
              0.13972315566336616,
              0.06753406854189527,
              0.23483603079225765,
              0.23483603079225765
            ],
            [
              0.11167099423438258,
              0.2753555402600032,
              0.1657253270613423,
              0.04592204586241286,
              0.13972315566336616,
              0.0,
              0.25556664616963626,
              0.2753555402600032,
              0.04592204586241286,
              0.2130543057567581,
              0.13972315566336616,
              0.04592204586241286,
              0.19008037260866076,
              0.1657253270613423,
              0.08088447515065636,
              0.2753555402600032,
              0.2753555402600032
            ],
            [
              0.17564788948783575,
              0.4076658861566823,
              0.25556664616963626,
              0.07429804786410887,
              0.21750095222977603,
              0.25556664616963626,
              0.0,
              0.4076658861566823,
              0.07429804786410887,
              0.32298096583414926,
              0.21750095222977603,
              0.07429804786410887,
              0.2905678347942905,
              0.25556664616963626,
              0.1287778078713325,
              0.4076658861566823,
              0.4076658861566823
            ],
            [
              0.19008037260866076,
              0.435023241018222,
              0.2753555402600032,
              0.08088447515065636,
              0.23483603079225765,
              0.2753555402600032,
              0.4076658861566823,
              0.0,
              0.08088447515065636,
              0.34662135820429857,
              0.23483603079225765,
              0.08088447515065636,
              0.31244117243085573,
              0.2753555402600032,
              0.13972315566336616,
              0.435023241018222,
              0.435023241018222
            ],
            [
              0.029969961957786024,
              0.08088447515065636,
              0.04592204586241286,
              0.011719650815669534,
              0.03814586673459321,
              0.04592204586241286,
              0.07429804786410887,
              0.08088447515065636,
              0.0,
              0.060570551940322584,
              0.03814586673459321,
              0.011719650815669534,
              0.053379172642442047,
              0.04592204586241286,
              0.02125735921079415,
              0.08088447515065636,
              0.08088447515065636
            ],
            [
              0.14507197175569392,
              0.34662135820429857,
              0.2130543057567581,
              0.060570551940322584,
              0.18051681858051158,
              0.2130543057567581,
              0.32298096583414926,
              0.34662135820429857,
              0.060570551940322584,
              0.0,
              0.18051681858051158,
              0.060570551940322584,
              0.24324769848377037,
              0.2130543057567581,
              0.10576237344318126,
              0.34662135820429857,
              0.34662135820429857
            ],
            [
              0.09359171496827082,
              0.23483603079225765,
              0.13972315566336616,
              0.03814586673459321,
              0.11747219568237748,
              0.13972315566336616,
              0.21750095222977603,
              0.23483603079225765,
              0.03814586673459321,
              0.18051681858051158,
              0.0,
              0.03814586673459321,
              0.16066704048360894,
              0.13972315566336616,
              0.06753406854189527,
              0.23483603079225765,
              0.23483603079225765
            ],
            [
              0.029969961957786024,
              0.08088447515065636,
              0.04592204586241286,
              0.011719650815669534,
              0.03814586673459321,
              0.04592204586241286,
              0.07429804786410887,
              0.08088447515065636,
              0.011719650815669534,
              0.060570551940322584,
              0.03814586673459321,
              0.0,
              0.053379172642442047,
              0.04592204586241286,
              0.02125735921079415,
              0.08088447515065636,
              0.08088447515065636
            ],
            [
              0.1287778078713325,
              0.31244117243085573,
              0.19008037260866076,
              0.053379172642442047,
              0.16066704048360894,
              0.19008037260866076,
              0.2905678347942905,
              0.31244117243085573,
              0.053379172642442047,
              0.24324769848377037,
              0.16066704048360894,
              0.053379172642442047,
              0.0,
              0.19008037260866076,
              0.09359171496827082,
              0.31244117243085573,
              0.31244117243085573
            ],
            [
              0.11167099423438258,
              0.2753555402600032,
              0.1657253270613423,
              0.04592204586241286,
              0.13972315566336616,
              0.1657253270613423,
              0.25556664616963626,
              0.2753555402600032,
              0.04592204586241286,
              0.2130543057567581,
              0.13972315566336616,
              0.04592204586241286,
              0.19008037260866076,
              0.0,
              0.08088447515065636,
              0.2753555402600032,
              0.2753555402600032
            ],
            [
              0.053379172642442047,
              0.13972315566336616,
              0.08088447515065636,
              0.02125735921079415,
              0.06753406854189527,
              0.08088447515065636,
              0.1287778078713325,
              0.13972315566336616,
              0.02125735921079415,
              0.10576237344318126,
              0.06753406854189527,
              0.02125735921079415,
              0.09359171496827082,
              0.08088447515065636,
              0.0,
              0.13972315566336616,
              0.13972315566336616
            ],
            [
              0.19008037260866076,
              0.435023241018222,
              0.2753555402600032,
              0.08088447515065636,
              0.23483603079225765,
              0.2753555402600032,
              0.4076658861566823,
              0.435023241018222,
              0.08088447515065636,
              0.34662135820429857,
              0.23483603079225765,
              0.08088447515065636,
              0.31244117243085573,
              0.2753555402600032,
              0.13972315566336616,
              0.0,
              0.435023241018222
            ],
            [
              0.19008037260866076,
              0.435023241018222,
              0.2753555402600032,
              0.08088447515065636,
              0.23483603079225765,
              0.2753555402600032,
              0.4076658861566823,
              0.435023241018222,
              0.08088447515065636,
              0.34662135820429857,
              0.23483603079225765,
              0.08088447515065636,
              0.31244117243085573,
              0.2753555402600032,
              0.13972315566336616,
              0.435023241018222,
              0.0
            ]
          ],
          "mean_entanglement": 0.16823365752544645,
          "max_entanglement": 0.435023241018222,
          "total_entanglement": 22.879777423460716,
          "num_states": 17,
          "highly_entangled_pairs": []
        },
        "superposition": {
          "is_superposed": false,
          "superposition_degree": 0.04600859775443148,
          "num_superposed_states": 5,
          "mean_overlap": 0.04600859775443148,
          "max_overlap": 0.1572153089096151,
          "superposition_type": "DECOHERENT"
        },
        "quantum_observables": {
          "mean_phase": -0.9244920718850642,
          "std_phase": 0.0,
          "mean_amplitude": 0.21691093373793063,
          "std_amplitude": 0.12910494463834957,
          "mean_frequency": 5.118844001941435,
          "max_frequency": 5.118844001941435,
          "min_frequency": 5.118844001941435
        },
        "wavefunction_samples": [
          {
            "word": "Art",
            "amplitude": 0.11895115721112325,
            "phase": -0.9244920718850642,
            "frequency": 5.118844001941435,
            "coords": [
              0.7420359217001421,
              0.4330141538521142,
              0.5118844001941435
            ]
          },
          {
            "word": "Mieszkańcy",
            "amplitude": 0.39650385737041083,
            "phase": -0.9244920718850642,
            "frequency": 5.118844001941435,
            "coords": [
              0.7420359217001421,
              0.4330141538521142,
              0.5118844001941435
            ]
          },
          {
            "word": "gminy",
            "amplitude": 0.19825192868520541,
            "phase": -0.9244920718850642,
            "frequency": 5.118844001941435,
            "coords": [
              0.7420359217001421,
              0.4330141538521142,
              0.5118844001941435
            ]
          },
          {
            "word": "z",
            "amplitude": 0.039650385737041084,
            "phase": -0.9244920718850642,
            "frequency": 5.118844001941435,
            "coords": [
              0.7420359217001421,
              0.4330141538521142,
              0.5118844001941435
            ]
          },
          {
            "word": "mocy",
            "amplitude": 0.15860154294816434,
            "phase": -0.9244920718850642,
            "frequency": 5.118844001941435,
            "coords": [
              0.7420359217001421,
              0.4330141538521142,
              0.5118844001941435
            ]
          }
        ],
        "quantum_classification": "DECOHERENT"
      },
      "article_number": 1,
      "total_articles": 4,
      "paragraph_count": 1,
      "sentence_count": 3,
      "paragraphs": [
        {
          "version": "2.0",
          "analysis_type": "GTMØ",
          "timestamp": "2025-11-13T09:49:06.462407",
          "content": {
            "text": "Art. 1. 1. Mieszkańcy gminy tworzą z mocy prawa wspólnotę samorządową.\n2. Ilekroć w ustawie jest mowa o gminie, należy przez to rozumieć wspólnotę\nsamorządową oraz odpowiednie terytorium.",
            "length": 187,
            "word_count": 28
          },
          "coordinates": {
            "determination": 0.731666,
            "stability": 0.427854,
            "entropy": 0.527772
          },
          "analysis_metadata": {
            "analyzed_at": "2025-11-13T09:49:06.462407",
            "sequence_number": 0,
            "daily_date": "13112025"
          },
          "additional_metrics": {
            "total_analyses": 71,
            "cases": {
              "nom": 14,
              "gen": 6,
              "dat": 4,
              "voc": 3,
              "acc": 11,
              "loc": 4
            },
            "pos": {
              "subst": 28,
              "interp": 7,
              "prep": 7,
              "part": 2,
              "adj": 11,
              "adv": 2,
              "conj": 2
            },
            "ambiguity": 2.5357142857142856,
            "debug_tags": [
              "artykuł:brev:pun",
              "Art:Sf:subst:sg.pl:nom.gen.dat.acc.inst.loc.voc:f",
              "Art:Sm1:subst:sg:nom:m1",
              ".:interp",
              ".:interp",
              ".:interp",
              ".:interp",
              ".:interp",
              ".:interp",
              "1:dig"
            ],
            "coords_count": 44
          },
          "interpretation": {
            "determination": "high",
            "stability": "moderate",
            "entropy": "mixed",
            "overall": "mixed_quality",
            "overall_score": 0.5627
          },
          "phi9": [
            0.7316656139363402,
            0.42785368646758004,
            0.5277724494119092,
            1.9592088821959772,
            0.38841255540108044,
            0.4797016959443077,
            4.058964659941017,
            2.488168333146121,
            0.4359592375936826
          ],
          "depth": 5,
          "ambiguity": 2.5357142857142856,
          "source_file": "Dz. U. 1990 Nr 16 poz. 95 v22.md",
          "quantum_metrics": {
            "total_coherence": 0.8432,
            "quantum_words": 17,
            "entanglements": 3,
            "superposition_type": "COHERENT_SUPERPOSITION"
          },
          "axiom_protection": {
            "axioms_activated": 0,
            "violations_prevented": 0,
            "meta_reflections": 0
          },
          "temporal_analysis": {
            "coordinates": {
              "determination": 0.7,
              "stability": 0.6,
              "entropy": 0.4
            },
            "tenses": {
              "Pres": 4
            },
            "aspects": {
              "Imp": 5
            },
            "dominant_time": "Pres"
          },
          "extended_rhetorical_analysis": {
            "mode": "literal",
            "irony_score": 1.5,
            "paradox_score": 0,
            "sarcasm_score": 0,
            "context_score": 0,
            "detected_markers": [
              [
                "irony",
                "ależ"
              ]
            ]
          },
          "quantum_ambiguity": {
            "needs_superposition": false,
            "ambiguity_score": 0.0,
            "ambiguity_markers": [],
            "marker_count": 0
          },
          "depth_metrics": {
            "max_depth": 5,
            "avg_depth": 1.9459,
            "depth_variance": 1.7268
          },
          "rhetorical_analysis": {
            "mode": "literal",
            "irony_score": 0.2,
            "paradox_score": 0.0,
            "structural_divergence": 0.1682,
            "pos_anomalies": {
              "adj_ratio": 0.1864,
              "verb_ratio": 0.0,
              "anomaly_score": 0.5093
            }
          },
          "quantum_tensor": {
            "value": 0.156416,
            "formula": "0.742 × 0.433 × 0.487 = 0.156"
          },
          "constitutional_metrics": {
            "definiteness": {
              "value": 1.5602,
              "formula": "(1/2.54) × 5 × √(0.742×0.433/0.513) = 1.56",
              "interpretation": "Wysoka CD = tekst uporządkowany, jednoznaczny, strukturalny",
              "components": {
                "inverse_ambiguity": 0.3944,
                "depth": 5,
                "geometric_balance": 0.7912
              }
            },
            "indefiniteness": {
              "value": 16.0235,
              "formula": "2.54 × 5 × √(0.513/(0.742×0.433)) = 16.02",
              "interpretation": "Wysoka CI = tekst chaotyczny, wieloznaczny, nieprzewidywalny",
              "components": {
                "ambiguity": 2.5357,
                "depth": 5,
                "geometric_tension": 1.2638
              },
              "decomposition": {
                "morphological": {
                  "value": 14.4984,
                  "percentage": 90.48,
                  "source": "Fleksja, ambiguity morfologiczna"
                },
                "syntactic": {
                  "value": 0.794,
                  "percentage": 4.96,
                  "source": "Głębokość składniowa, długość zdań"
                },
                "semantic": {
                  "value": 0.7311,
                  "percentage": 4.56,
                  "source": "Chaos semantyczny w przestrzeni F³"
                }
              }
            },
            "semantic_accessibility": {
              "value": 0.0887,
              "percentage": 8.87,
              "formula": "CD / (CI + CD) = 1.56 / (16.02 + 1.56) = 0.089",
              "interpretation": "Tekst trudno dostępny (< 30% definiteness)",
              "category": "NISKA_DOSTĘPNOŚĆ",
              "range": "[0,1] gdzie 1=maksymalna dostępność, 0=niedostępny",
              "advantages": [
                "Znormalizowana do [0,1]",
                "Niezależna od skali absolutnej",
                "Intuicyjna interpretacja"
              ]
            },
            "duality": {
              "product": 25.0,
              "theoretical": 25,
              "error_percent": 0.0,
              "formula": "CI × CD = Depth²",
              "verification": "PASSED",
              "interpretation": "Dualność wynika z Zasady Nieoznaczoności Semantycznej: Δ_form · Δ_int ≥ ħ_semantic"
            },
            "classification": {
              "type": "CHAOTIC_STRUCTURE",
              "cd_ci_ratio": 0.0974,
              "description": "Tekst chaotyczny, wieloznaczny (CI > CD)",
              "enhanced_type": "STRUCTURED"
            },
            "theoretical_basis": {
              "derived_from": "Zasada Nieoznaczoności Semantycznej (GTMØ Axiom)",
              "morphosyntactic_projection": "Δ_form = Ambiguity × f(Depth), Δ_geom = √(E/(D×S))",
              "fundamental_constant": "Ø₀ = 1.2925 (Hausdorff dimension of fractal boundaries)",
              "operator": "Ø: projekcja na |ψ_Ø⟩ = (1/√3, 1/√3, 1/√3)ᵀ",
              "semantic_accessibility": "SA = CD/(CI+CD) normalizuje dostępność do [0,1]",
              "ci_decomposition": "CI = CI_morphological + CI_syntactic + CI_semantic"
            }
          },
          "geometric_balance": 0.791247,
          "geometric_tension": 1.263827,
          "critical_block": true,
          "critical_reason": "LOW_SA",
          "topological_attractors": {
            "nearest_attractor": {
              "attractor_name": "Dyskurs zrównoważony",
              "attractor_type": "fixed_point",
              "distance": 0.3259825269854823,
              "in_basin": false,
              "basin_radius": 0.25,
              "pull_strength": 1.0,
              "stability_index": 0.75,
              "coordinates": [
                0.65,
                0.7,
                0.35
              ]
            },
            "basin_analysis": {
              "primary_basin": null,
              "all_basins": [],
              "num_basins": 0,
              "nearest_attractors": [
                {
                  "name": "BALANCED_DISCOURSE",
                  "display_name": "Dyskurs zrównoważony",
                  "distance": 0.3259825269854823,
                  "in_basin": false,
                  "type": "fixed_point",
                  "stability": 0.75
                },
                {
                  "name": "POETIC_AMBIGUITY",
                  "display_name": "Wieloznaczność poetycka",
                  "distance": 0.4321291025593596,
                  "in_basin": false,
                  "type": "limit_cycle",
                  "stability": 0.45
                },
                {
                  "name": "IMPERATIVE_COMMAND",
                  "display_name": "Rozkaz imperatywny",
                  "distance": 0.5108197655638915,
                  "in_basin": false,
                  "type": "fixed_point",
                  "stability": 0.92
                }
              ],
              "is_in_basin": false,
              "basin_overlap": false
            }
          },
          "temporal_evolution": {
            "num_states": 1,
            "time_span": 0.0,
            "total_distance": 0.0,
            "mean_coords": [
              0.7416656139363402,
              0.43285368646758005,
              0.5127724494119091
            ],
            "std_coords": [
              0.0,
              0.0,
              0.0
            ],
            "current_coords": [
              0.7416656139363402,
              0.43285368646758005,
              0.5127724494119091
            ],
            "current_attractor": {
              "attractor_name": "Dyskurs zrównoważony",
              "attractor_type": "fixed_point",
              "distance": 0.3259825269854823,
              "in_basin": false,
              "basin_radius": 0.25,
              "pull_strength": 1.0,
              "stability_index": 0.75,
              "coordinates": [
                0.65,
                0.7,
                0.35
              ]
            },
            "velocity": null,
            "acceleration": null,
            "num_bifurcations": 0,
            "bifurcation_points": []
          },
          "quantum_enhanced": {
            "num_quantum_states": 17,
            "coherence_detailed": {
              "total_coherence": 0.9952765943786408,
              "phase_coherence": 1.0,
              "amplitude_coherence": 0.9842553145954689,
              "spatial_coherence": 1.0,
              "mean_phase": -0.9258692232706783,
              "mean_amplitude": 0.21165393196513088,
              "phase_std": 3.808033558317022e-17,
              "amplitude_std": 0.1259759879225898
            },
            "entanglement": {
              "entanglement_matrix": [
                [
                  0.0,
                  0.18323433661477656,
                  0.10743833880944847,
                  0.028755732444741167,
                  0.08999976169090522,
                  0.10743833880944847,
                  0.1692625168948323,
                  0.18323433661477656,
                  0.028755732444741167,
                  0.13969315416885905,
                  0.08999976169090522,
                  0.028755732444741167,
                  0.12395207853085613,
                  0.10743833880944847,
                  0.05126589322220757,
                  0.18323433661477656,
                  0.18323433661477656
                ],
                [
                  0.18323433661477656,
                  0.0,
                  0.26599134603642033,
                  0.07775157678764054,
                  0.2266230973000449,
                  0.26599134603642033,
                  0.39525888863297787,
                  0.42216609829780044,
                  0.07775157678764054,
                  0.3354627383957688,
                  0.2266230973000449,
                  0.07775157678764054,
                  0.30210336699739837,
                  0.26599134603642033,
                  0.13452462713240868,
                  0.42216609829780044,
                  0.42216609829780044
                ],
                [
                  0.10743833880944847,
                  0.26599134603642033,
                  0.0,
                  0.04409177021788165,
                  0.13452462713240868,
                  0.1596620859302786,
                  0.24675391019648174,
                  0.26599134603642033,
                  0.04409177021788165,
                  0.20549470401394435,
                  0.13452462713240868,
                  0.04409177021788165,
                  0.18323433661477656,
                  0.1596620859302786,
                  0.07775157678764054,
                  0.26599134603642033,
                  0.26599134603642033
                ],
                [
                  0.028755732444741167,
                  0.07775157678764054,
                  0.04409177021788165,
                  0.0,
                  0.03661398685262357,
                  0.04409177021788165,
                  0.0714059992628617,
                  0.07775157678764054,
                  0.011231971022665908,
                  0.05818710862770612,
                  0.03661398685262357,
                  0.011231971022665908,
                  0.05126589322220757,
                  0.04409177021788165,
                  0.020386593125000588,
                  0.07775157678764054,
                  0.07775157678764054
                ],
                [
                  0.08999976169090522,
                  0.2266230973000449,
                  0.13452462713240868,
                  0.03661398685262357,
                  0.0,
                  0.13452462713240868,
                  0.20980610680333198,
                  0.2266230973000449,
                  0.03661398685262357,
                  0.17397498622117694,
                  0.11303699320673727,
                  0.03661398685262357,
                  0.15476969308322971,
                  0.13452462713240868,
                  0.06489148749577656,
                  0.2266230973000449,
                  0.2266230973000449
                ],
                [
                  0.10743833880944847,
                  0.26599134603642033,
                  0.1596620859302786,
                  0.04409177021788165,
                  0.13452462713240868,
                  0.0,
                  0.24675391019648174,
                  0.26599134603642033,
                  0.04409177021788165,
                  0.20549470401394435,
                  0.13452462713240868,
                  0.04409177021788165,
                  0.18323433661477656,
                  0.1596620859302786,
                  0.07775157678764054,
                  0.26599134603642033,
                  0.26599134603642033
                ],
                [
                  0.1692625168948323,
